0.070451 0.000000 5.596163 5.606722
6.346376 1.000000 0.281101 0.249854
12.562254 2.000000 0.284336 0.274262
19.107716 3.000000 0.247031 0.223635
25.972649 4.000000 0.286586 0.282322
34.280129 5.000000 0.277032 0.293918
41.629846 6.000000 0.224223 0.231032
48.111873 7.000000 0.225227 0.245203
53.958545 8.000000 0.218975 0.227416
59.744782 9.000000 0.253393 0.271280
65.536245 10.000000 0.224399 0.224027
71.342927 11.000000 0.234444 0.248348
77.248997 12.000000 0.357222 0.343610
83.380718 13.000000 0.197068 0.212347
89.445508 14.000000 0.190751 0.193754
95.519205 15.000000 0.208055 0.216642
101.648162 16.000000 0.213267 0.211629
107.819840 17.000000 0.182544 0.203974
113.994192 18.000000 0.193480 0.194507
120.130701 19.000000 0.193373 0.196642
