0.780086 0.000000 8.013143 7.958002
2.307042 1.000000 2.761623 2.763390
3.834129 2.000000 1.845900 1.803704
5.360456 3.000000 1.493549 1.436433
6.881936 4.000000 1.277870 1.231415
8.410675 5.000000 1.127860 1.078680
9.932212 6.000000 1.017822 0.979271
11.455621 7.000000 0.930395 0.886957
12.992068 8.000000 0.864237 0.828670
14.534437 9.000000 0.810990 0.772803
16.088334 10.000000 0.768934 0.734574
17.632059 11.000000 0.733956 0.699297
19.180896 12.000000 0.704283 0.671166
20.821278 13.000000 0.678533 0.645853
22.483989 14.000000 0.655875 0.623918
24.144543 15.000000 0.635728 0.604234
25.776109 16.000000 0.617663 0.586610
27.426314 17.000000 0.601350 0.570656
29.027836 18.000000 0.586529 0.556147
30.658693 19.000000 0.572989 0.542875

