0.000082 0.000000 5.773864 5.842098
2.033584 1.000000 0.261350 0.265991
4.062485 2.000000 0.246607 0.236021
6.087941 3.000000 0.194939 0.195145
8.112455 4.000000 0.198310 0.199701
10.181882 5.000000 0.191727 0.214630
12.271418 6.000000 0.191740 0.204414
14.418997 7.000000 0.177771 0.184353
16.594151 8.000000 0.192105 0.224243
18.796498 9.000000 0.172304 0.188859
20.961246 10.000000 0.185987 0.216280
23.287893 11.000000 0.157001 0.182424
25.595275 12.000000 0.155101 0.177772
28.046883 13.000000 0.176578 0.195965
30.436894 14.000000 0.220573 0.224988
32.595536 15.000000 0.178672 0.213315
34.653949 16.000000 0.163066 0.200393
36.693175 17.000000 0.145254 0.184177
38.719995 18.000000 0.156693 0.198215
40.756526 19.000000 0.139188 0.171589